rgb(240,248,255)
rgb(138,43,226)
rgb(95,158,160)
rgb(152,245,255)
rgb(142,229,238)
rgb(122,197,205)
rgb(83,134,139)
rgb(100,149,237)
rgb(0,0,139)
rgb(0,139,139)
rgb(72,61,139)
rgb(0,206,209)
rgb(0,191,255)
rgb(0,191,255)
rgb(0,178,238)
rgb(0,154,205)
rgb(0,104,139)
rgb(30,144,255)
rgb(30,144,255)
rgb(28,134,238)
rgb(24,116,205)
rgb(16,78,139)
rgb(173,216,230)
rgb(191,239,255)
rgb(178,223,238)
rgb(154,192,205)
rgb(104,131,139)
rgb(224,255,255)
rgb(224,255,255)
rgb(209,238,238)
rgb(180,205,205)
rgb(122,139,139)
rgb(135,206,250)
rgb(176,226,255)
rgb(164,211,238)
rgb(141,182,205)
rgb(96,123,139)
rgb(132,112,255)
rgb(176,196,222)
rgb(202,225,255)
rgb(188,210,238)
rgb(162,181,205)
rgb(110,123,139)
rgb(102,205,170)
rgb(0,0,205)
rgb(123,104,238)
rgb(72,209,204)
rgb(25,25,112)
rgb(0,0,128)
rgb(175,238,238)
rgb(187,255,255)
rgb(174,238,238)
rgb(150,205,205)
rgb(102,139,139)
rgb(176,224,230)
rgb(65,105,225)
rgb(72,118,255)
rgb(67,110,238)
rgb(58,95,205)
rgb(39,64,139)
rgb(135,206,235)
rgb(135,206,255)
rgb(126,192,238)
rgb(108,166,205)
rgb(74,112,139)
rgb(106,90,205)
rgb(131,111,255)
rgb(122,103,238)
rgb(105,89,205)
rgb(71,60,139)
rgb(70,130,180)
rgb(99,184,255)
rgb(92,172,238)
rgb(79,148,205)
rgb(54,100,139)
rgb(127,255,212)
rgb(127,255,212)
rgb(118,238,198)
rgb(102,205,170)
rgb(69,139,116)
rgb(240,255,255)
rgb(240,255,255)
rgb(224,238,238)
rgb(193,205,205)
rgb(131,139,139)
rgb(0,0,255)
rgb(0,0,238)
rgb(0,0,205)
rgb(0,0,139)
rgb(0,255,255)
rgb(0,238,238)
rgb(0,205,205)
rgb(0,139,139)
rgb(0,0,128)
rgb(54,224,208)
rgb(0,245,255)
rgb(0,229,238)
rgb(0,197,205)
rgb(0,134,139)